{
  "asset": {
    "version": "2.0",
    "generator": "THREE.GLTFExporter"
  },
  "scenes": [
    {
      "nodes": [
        0
      ]
    }
  ],
  "scene": 0,
  "nodes": [
    {
      "children": [
        74
      ],
      "matrix": [
        0.01,
        0,
        0,
        0,
        0,
        0.01,
        0,
        0,
        0,
        0,
        0.01,
        0,
        0,
        0,
        0,
        1
      ]
    },
    {
      "matrix": [
        0.9999707305096172,
        0,
        0.007651021112421346,
        0,
        0.0005774447116516524,
        0.997147853704813,
        -0.07547068576268476,
        0,
        -0.007629199280901156,
        0.07547289481585373,
        0.9971186676952987,
        0,
        1.0254264774622732,
        139.77736912316914,
        341.3108313369674,
        1
      ],
      "name": "Camera",
      "camera": 0
    },
    {
      "name": "Ch36",
      "mesh": 0
    },
    {
      "matrix": [
        0.9999999999999998,
        2.5587171270657905e-17,
        1.387778780781446e-17,
        0,
        -2.5587171270657905e-17,
        0.9999999999999998,
        1.3877787807814457e-17,
        0,
        -1.3877787807814455e-17,
        -1.3877787807814452e-17,
        0.9999999999999994,
        0,
        -1.0658141036401503e-14,
        20.999847412109403,
        6.162763357162474,
        1
      ],
      "name": "mixamorig1_HeadTop_End"
    },
    {
      "matrix": [
        0.9987772245513886,
        0.03249749962600254,
        -0.0372554457158016,
        0,
        -0.03300154735161852,
        0.9993708136454488,
        -0.012995180107712542,
        0,
        0.03680969423703427,
        0.014208777276422224,
        0.999221275323181,
        0,
        -1.7763568394002505e-15,
        6.720199584960852,
        1.972156763076784,
        1
      ],
      "name": "mixamorig1_Head",
      "children": [
        3
      ]
    },
    {
      "matrix": [
        0.9987772282250534,
        0.03675231723488157,
        -0.03306532257435192,
        0,
        -0.033001483897492384,
        0.9936468314178724,
        0.10759589431657289,
        0,
        0.03680965144690816,
        -0.1063731243833997,
        0.9936447091235733,
        0,
        -2.886579864025407e-15,
        14.683031908100332,
        0.0000015214522193218727,
        1
      ],
      "name": "mixamorig1_Neck",
      "children": [
        4
      ]
    },
    {
      "matrix": [
        1.0000000000000002,
        -2.22044608950705e-16,
        -1.9428902470863262e-16,
        0,
        2.2204460089935758e-16,
        0.999999999999998,
        -4.1440050321805983e-8,
        0,
        1.9428903391017204e-16,
        4.1440050321806e-8,
        0.9999999999999984,
        0,
        0.44271299121892227,
        2.9790540716995224,
        -4.554262389433461e-8,
        1
      ],
      "name": "mixamorig1_LeftHandThumb4"
    },
    {
      "matrix": [
        0.9999834036413592,
        -0.005455484552865432,
        0.001852061050795314,
        0,
        0.005582337728667397,
        0.9969919823882218,
        -0.07730345761403938,
        0,
        -0.0014247621996399543,
        0.07731251348841231,
        0.997005890308968,
        0,
        -0.03730533760539245,
        3.5999072438446262,
        7.198763185556345e-8,
        1
      ],
      "name": "mixamorig1_LeftHandThumb3",
      "children": [
        6
      ]
    },
    {
      "matrix": [
        0.9898454791882161,
        -0.14214298375987286,
        -0.0011399554769547721,
        0,
        0.1419720409805831,
        0.9881931002364379,
        0.05760500173512607,
        0,
        -0.007061650689220038,
        -0.05718189235183422,
        0.998338802349486,
        0,
        -0.40540761177629747,
        3.9895818795648523,
        -4.5061671727353314e-8,
        1
      ],
      "name": "mixamorig1_LeftHandThumb2",
      "children": [
        7
      ]
    },
    {
      "matrix": [
        0.9434768971177591,
        0.3243361094625167,
        -0.06824538595219312,
        0,
        -0.28309213215173895,
        0.8956689014110369,
        0.3429811419873241,
        0,
        0.17236643907335275,
        -0.3042750517933814,
        0.9368599167097007,
        0,
        -2.86769933130336,
        3.9358397955732727,
        1.1883142070435326,
        1
      ],
      "name": "mixamorig1_LeftHandThumb1",
      "children": [
        8
      ]
    },
    {
      "matrix": [
        0.9999999999999997,
        6.591947076856407e-17,
        -9.159339968500442e-16,
        0,
        -6.591951340567328e-17,
        0.9999999999999991,
        -4.6550416720088374e-8,
        0,
        9.159339937814645e-16,
        4.655041672008835e-8,
        0.9999999999999986,
        0,
        -0.01630007753630025,
        2.712083253040902,
        -1.0782625814442781e-7,
        1
      ],
      "name": "mixamorig1_LeftHandIndex4"
    },
    {
      "matrix": [
        0.9998799064513767,
        -0.015164706826940245,
        -0.003194423521901681,
        0,
        0.01548199388377463,
        0.9682087961373904,
        0.24966384389327978,
        0,
        -0.0006932100454351735,
        -0.249683316921732,
        0.9683273004055981,
        0,
        -0.006814567499546342,
        3.081046877690852,
        4.352482818603676e-8,
        1
      ],
      "name": "mixamorig1_LeftHandIndex3",
      "children": [
        10
      ]
    },
    {
      "matrix": [
        0.999702477201104,
        -0.02420138575281798,
        -0.0030413821889241502,
        0,
        0.023906993734524602,
        0.947453206037339,
        0.31899980880894746,
        0,
        -0.004838670122379476,
        -0.31897760939791814,
        0.947749899485215,
        0,
        0.02311463853639495,
        3.298392132392351,
        2.475767502119197e-8,
        1
      ],
      "name": "mixamorig1_LeftHandIndex2",
      "children": [
        11
      ]
    },
    {
      "matrix": [
        0.9990131073136583,
        0.02075154943153457,
        -0.03927065840676152,
        0,
        -0.016116075108879944,
        0.9932490139294331,
        0.11487675331107773,
        0,
        0.041389413363744514,
        -0.11413049340294584,
        0.9926032172711345,
        0,
        -3.4842464234864856,
        11.75788526111397,
        0.11308296264587625,
        1
      ],
      "name": "mixamorig1_LeftHandIndex1",
      "children": [
        12
      ]
    },
    {
      "matrix": [
        1,
        2.775556998353476e-17,
        -4.440892102020683e-16,
        0,
        -2.775558124772307e-17,
        1,
        -2.536469711784256e-8,
        0,
        4.4408920949805676e-16,
        2.536469711784256e-8,
        1,
        0,
        0.000037021954177873795,
        2.8763756163934318,
        3.942624005048856e-9,
        1
      ],
      "name": "mixamorig1_LeftHandMiddle4"
    },
    {
      "matrix": [
        0.9999855311777966,
        -0.005145093041198573,
        -0.0015701759960654773,
        0,
        0.005355833255663676,
        0.9795215849139507,
        0.20126793022685188,
        0,
        0.0005024790530332817,
        -0.20127342771777104,
        0.9795349686507071,
        0,
        -0.009976154120824532,
        3.16091627578308,
        2.6503708273201143e-9,
        1
      ],
      "name": "mixamorig1_LeftHandMiddle3",
      "children": [
        14
      ]
    },
    {
      "matrix": [
        0.9994002156126585,
        -0.03378134024391476,
        -0.0076177480068871485,
        0,
        0.03357657865700062,
        0.8914397081981146,
        0.4518936379429918,
        0,
        -0.00847480967702639,
        -0.45187837710935697,
        0.8920392984067195,
        0,
        0.009939121957373231,
        3.432156652224279,
        -5.172346817516882e-8,
        1
      ],
      "name": "mixamorig1_LeftHandMiddle2",
      "children": [
        15
      ]
    },
    {
      "matrix": [
        0.9990028829141145,
        -0.020609672649296435,
        0.03960405689544673,
        0,
        0.011880017579799248,
        0.977806482828146,
        0.2091730081094443,
        0,
        -0.043036090802866814,
        -0.208493941237003,
        0.9770763385508157,
        0,
        -1.0292801262683149,
        12.347121199041084,
        -0.3158100666716095,
        1
      ],
      "name": "mixamorig1_LeftHandMiddle1",
      "children": [
        16
      ]
    },
    {
      "matrix": [
        1.0000000000000002,
        1.6523241104883286e-16,
        6.938894807784605e-18,
        0,
        -1.6523241112474892e-16,
        0.999999999999999,
        1.0940678797925938e-8,
        0,
        -6.938893000029862e-18,
        -1.0940678797925941e-8,
        0.9999999999999993,
        0,
        0.0031712973479436357,
        2.2268901079080052,
        6.106664685034957e-8,
        1
      ],
      "name": "mixamorig1_LeftHandRing4"
    },
    {
      "matrix": [
        0.9996778073497,
        -0.02516589943265599,
        -0.003310437771768097,
        0,
        0.025142209486799526,
        0.9638379222037405,
        0.26530045047850587,
        0,
        -0.003485798992654666,
        -0.26529820434319124,
        0.9641601070245855,
        0,
        0.0034139571253479772,
        2.6203028428292896,
        -2.695689893528197e-8,
        1
      ],
      "name": "mixamorig1_LeftHandRing3",
      "children": [
        18
      ]
    },
    {
      "matrix": [
        0.9995574122971027,
        -0.028997951846560573,
        -0.00664065588814596,
        0,
        0.02795949116714064,
        0.8394920686321049,
        0.542652129413921,
        0,
        -0.010161022369564812,
        -0.5425976276141397,
        0.839931287744367,
        0,
        -0.006585256718610211,
        2.7260527061701367,
        1.0080702139703135e-7,
        1
      ],
      "name": "mixamorig1_LeftHandRing2",
      "children": [
        19
      ]
    },
    {
      "matrix": [
        0.9893245873388076,
        -0.10201315204745592,
        0.10406813967897027,
        0,
        0.08336864269868319,
        0.9819146062183512,
        0.16998051508817255,
        0,
        -0.11952627452354704,
        -0.1594898833920315,
        0.9799369606225284,
        0,
        1.2667431427523326,
        12.505947420534653,
        -0.27706833362721284,
        1
      ],
      "name": "mixamorig1_LeftHandRing1",
      "children": [
        20
      ]
    },
    {
      "matrix": [
        1.0000000000000007,
        -2.1033522943906435e-17,
        -4.336808689555141e-16,
        0,
        2.103352134853114e-17,
        0.9999999999999997,
        -3.678684913139456e-9,
        0,
        4.3368086903288944e-16,
        3.6786849131394566e-9,
        0.9999999999999998,
        0,
        -0.005514113406269061,
        1.975540408806907,
        6.650267891927797e-9,
        1
      ],
      "name": "mixamorig1_LeftHandPinky4"
    },
    {
      "matrix": [
        0.9998594024892188,
        -0.01652038190464481,
        -0.002872670469531005,
        0,
        0.016703691597341,
        0.9662611485478684,
        0.25702213813984104,
        0,
        -0.001470354012729976,
        -0.2570339856685868,
        0.9664012460000235,
        0,
        -0.002906469891049923,
        2.1939535294463894,
        9.296432068595095e-8,
        1
      ],
      "name": "mixamorig1_LeftHandPinky3",
      "children": [
        22
      ]
    },
    {
      "matrix": [
        0.9992826041758832,
        -0.03639641265437458,
        -0.010467957649805923,
        0,
        0.03597271688758256,
        0.8257635320823746,
        0.5628681486125923,
        0,
        -0.011842323724315278,
        -0.562840910230176,
        0.8264804106208891,
        0,
        0.008420586914432704,
        2.734598109384237,
        -1.3881237492796572e-8,
        1
      ],
      "name": "mixamorig1_LeftHandPinky2",
      "children": [
        23
      ]
    },
    {
      "matrix": [
        0.9833699110388691,
        -0.12797623632268898,
        0.12886310953909969,
        0,
        0.0695239055446697,
        0.9207620392155398,
        0.383879790686432,
        0,
        -0.16777975033126788,
        -0.36853676896114707,
        0.9143470923574127,
        0,
        3.2467836712825395,
        11.101979149788448,
        -0.11282518902154948,
        1
      ],
      "name": "mixamorig1_LeftHandPinky1",
      "children": [
        24
      ]
    },
    {
      "matrix": [
        0.9953397115736966,
        -0.0690530876650754,
        -0.06730920923848127,
        0,
        0.05292612568259706,
        0.9746739671165044,
        -0.21727743335561753,
        0,
        0.08060821164509348,
        0.21270244217990142,
        0.9737864177046657,
        0,
        -1.3760065087353723e-8,
        23.404096435859017,
        1.8717663863299094e-8,
        1
      ],
      "name": "mixamorig1_LeftHand",
      "children": [
        9,
        13,
        17,
        21,
        25
      ]
    },
    {
      "matrix": [
        0.9632603931648589,
        0.24962230058072066,
        -0.09908643707727191,
        0,
        -0.23243968516977054,
        0.9596858681603186,
        0.15803425961339274,
        0,
        0.13454072884468057,
        -0.12919652280987884,
        0.982449515637205,
        0,
        -1.6915129741335022e-8,
        25.560784022982276,
        -5.258925739326514e-9,
        1
      ],
      "name": "mixamorig1_LeftForeArm",
      "children": [
        26
      ]
    },
    {
      "matrix": [
        0.9983032039276218,
        0.02153350800311415,
        0.05410195062033342,
        0,
        -0.05797646982593144,
        0.45414580660786263,
        0.8890389841210661,
        0,
        -0.005426045923878628,
        -0.8906671063722821,
        0.4546236505639124,
        0,
        -2.0572628933734904e-8,
        13.005933117232548,
        -1.625415961825638e-7,
        1
      ],
      "name": "mixamorig1_LeftArm",
      "children": [
        27
      ]
    },
    {
      "matrix": [
        -0.02968728234211325,
        0.045589162881124835,
        -0.9985190501412265,
        0,
        0.9666721386886696,
        -0.2528283900876795,
        -0.040283761601238914,
        0,
        -0.254290466888188,
        -0.9664364611258561,
        -0.03656398578268844,
        0,
        6.14015483856201,
        13.000742629460461,
        -0.23359217518895514,
        1
      ],
      "name": "mixamorig1_LeftShoulder",
      "children": [
        28
      ]
    },
    {
      "matrix": [
        0.9999999999999997,
        -8.326672763337716e-17,
        -8.32667260603964e-17,
        0,
        8.326672606039634e-17,
        0.9999999999999984,
        -1.8890867925502868e-8,
        0,
        8.32667276333771e-17,
        1.889086792550288e-8,
        0.999999999999999,
        0,
        -0.464906037060846,
        2.873546141644937,
        -1.6250327661282427e-7,
        1
      ],
      "name": "mixamorig1_RightHandThumb4"
    },
    {
      "matrix": [
        0.9999399684387333,
        -0.006912140063988056,
        -0.008501872645482612,
        0,
        0.006243193295789753,
        0.9970624442900786,
        -0.0763380948397579,
        0,
        0.009004557524698273,
        0.0762804333104387,
        0.9970457429013759,
        0,
        0.036493777930378,
        3.5304115151316324,
        7.291988879387645e-8,
        1
      ],
      "name": "mixamorig1_RightHandThumb3",
      "children": [
        30
      ]
    },
    {
      "matrix": [
        0.9904482244871635,
        0.13788208769491736,
        0.0009189685058055568,
        0,
        -0.13768205866270566,
        0.9886058282533112,
        0.06084543586814195,
        0,
        0.007480998103386008,
        -0.06039077939947427,
        0.9981467769977019,
        0,
        0.42841177307335343,
        4.074774597261154,
        1.5642137540794465e-7,
        1
      ],
      "name": "mixamorig1_RightHandThumb2",
      "children": [
        31
      ]
    },
    {
      "matrix": [
        0.9453977897502434,
        -0.31924073625696814,
        0.06563818590928856,
        0,
        0.2787346920679165,
        0.8963368291324738,
        0.34480031928428845,
        0,
        -0.1689082312178935,
        -0.3076778202192224,
        0.9363783254497036,
        0,
        2.885084849360675,
        4.0543334154543516,
        1.2119892017155465,
        1
      ],
      "name": "mixamorig1_RightHandThumb1",
      "children": [
        32
      ]
    },
    {
      "matrix": [
        1.0000000000000007,
        2.949029912306941e-17,
        8.326672683574335e-17,
        0,
        -2.949029906014203e-17,
        1,
        -7.557323091975101e-10,
        0,
        -8.326672685803005e-17,
        7.557323091975099e-10,
        0.9999999999999997,
        0,
        0.005255783260081692,
        2.534598940239192,
        3.0676199358481426e-9,
        1
      ],
      "name": "mixamorig1_RightHandIndex4"
    },
    {
      "matrix": [
        0.9999695775072031,
        0.0075503465458860615,
        0.001958654411401746,
        0,
        -0.007800253484860378,
        0.9682614261541446,
        0.24981786699016603,
        0,
        -0.000010278044597138124,
        -0.24982554490880501,
        0.9682908638448379,
        0,
        0.0066102467372495255,
        2.8560620774910177,
        -9.469272299611475e-8,
        1
      ],
      "name": "mixamorig1_RightHandIndex3",
      "children": [
        34
      ]
    },
    {
      "matrix": [
        0.9998627851542735,
        0.016434358442475615,
        0.0020791166692949218,
        0,
        -0.01623825573942038,
        0.9475507844629834,
        0.3191924653154084,
        0,
        0.003275654756150414,
        -0.3191824285987108,
        0.9476876317435763,
        0,
        -0.011865902004354112,
        3.117400484007632,
        1.6191165741474833e-8,
        1
      ],
      "name": "mixamorig1_RightHandIndex2",
      "children": [
        35
      ]
    },
    {
      "matrix": [
        0.9991492976527703,
        -0.012471773924224489,
        0.039308216127902466,
        0,
        0.0075442191830618925,
        0.9923658483761743,
        0.12309795990816534,
        0,
        -0.04054338117242786,
        -0.12269669038656826,
        0.9916157302157365,
        0,
        3.6144943892341788,
        12.346581845557893,
        -0.007772334708050721,
        1
      ],
      "name": "mixamorig1_RightHandIndex1",
      "children": [
        36
      ]
    },
    {
      "matrix": [
        1.0000000000000002,
        9.714451444714628e-17,
        -4.1633363907738306e-17,
        0,
        -9.714451486225612e-17,
        0.9999999999999993,
        -9.97060738312794e-9,
        0,
        4.163336293914846e-17,
        9.970607383127942e-9,
        0.9999999999999994,
        0,
        0.0024861179634561026,
        2.9279676517301993,
        2.997899883894206e-8,
        1
      ],
      "name": "mixamorig1_RightHandMiddle4"
    },
    {
      "matrix": [
        0.9999979804994372,
        0.001403179361573434,
        0.0014387789006333127,
        0,
        -0.0016641801834040187,
        0.9795109190049184,
        0.20138418521437426,
        0,
        -0.0011267215107641291,
        -0.20138617290623342,
        0.9795112760253526,
        0,
        0.01366883710922373,
        3.225960293071438,
        -4.707834122541499e-8,
        1
      ],
      "name": "mixamorig1_RightHandMiddle3",
      "children": [
        38
      ]
    },
    {
      "matrix": [
        0.9995685221006491,
        0.028691897106225935,
        0.006288454974638623,
        0,
        -0.02843279374624018,
        0.8914089060586775,
        0.4523071284415655,
        0,
        0.007371964819916061,
        -0.4522907662552009,
        0.8918400736090392,
        0,
        -0.0161549793889586,
        3.4792134410020736,
        1.2866188114912802e-8,
        1
      ],
      "name": "mixamorig1_RightHandMiddle2",
      "children": [
        39
      ]
    },
    {
      "matrix": [
        0.9990216910815531,
        0.022749752518422484,
        -0.03792241433380495,
        0,
        -0.013961023352766916,
        0.9759222587222208,
        0.21767139168356622,
        0,
        0.041961298543988564,
        -0.21692900610768379,
        0.975285115098981,
        0,
        0.9224252784850515,
        12.176379845649976,
        -0.22220150346512213,
        1
      ],
      "name": "mixamorig1_RightHandMiddle1",
      "children": [
        40
      ]
    },
    {
      "matrix": [
        0.9999999999999998,
        1.7347234887409236e-16,
        -7.355227535131256e-16,
        0,
        -1.7347234632126905e-16,
        0.9999999999999997,
        3.4707604750286443e-9,
        0,
        7.355227541152068e-16,
        -3.4707604750286455e-9,
        1,
        0,
        -0.004088063524712915,
        2.368449881816659,
        -3.30127463143981e-8,
        1
      ],
      "name": "mixamorig1_RightHandRing4"
    },
    {
      "matrix": [
        0.999879673145504,
        0.015297914746706238,
        0.0025715821671326742,
        0,
        -0.015431180278593498,
        0.9639156157494326,
        0.26576035142511784,
        0,
        0.0015867909910741887,
        -0.26576805586600283,
        0.9640356956957312,
        0,
        0.0077935304760581026,
        2.687693508685271,
        -1.9378130877711897e-8,
        1
      ],
      "name": "mixamorig1_RightHandRing3",
      "children": [
        42
      ]
    },
    {
      "matrix": [
        0.9996648909774958,
        0.025278432879907616,
        0.005577327145375087,
        0,
        -0.02425320841219331,
        0.8392815997185031,
        0.5431557587429818,
        0,
        0.009049178341995917,
        -0.5431090104252413,
        0.8396134319829852,
        0,
        -0.00370546310509412,
        2.821585571631161,
        -9.496645247963897e-9,
        1
      ],
      "name": "mixamorig1_RightHandRing2",
      "children": [
        43
      ]
    },
    {
      "matrix": [
        0.9897630907781818,
        0.10301941606555602,
        -0.09877258752676724,
        0,
        -0.08414295318163101,
        0.9802096650003489,
        0.1791897766887889,
        0,
        0.11527787109022639,
        -0.1690444100034543,
        0.978843705544193,
        0,
        -1.216574236823079,
        12.282070445374302,
        -0.1509852668532119,
        1
      ],
      "name": "mixamorig1_RightHandRing1",
      "children": [
        44
      ]
    },
    {
      "matrix": [
        1.0000000000000007,
        1.5265566424045762e-16,
        -2.359223937975822e-16,
        0,
        -1.5265566753146043e-16,
        0.9999999999999996,
        -1.3949515011851822e-8,
        0,
        2.359223916681094e-16,
        1.394951501185182e-8,
        0.9999999999999994,
        0,
        0.0024786703600385707,
        1.8884281835730548,
        -7.556858605539674e-8,
        1
      ],
      "name": "mixamorig1_RightHandPinky4"
    },
    {
      "matrix": [
        0.9999523692379392,
        0.009537564940230048,
        0.002072223550420434,
        0,
        -0.009749654091242975,
        0.9662969553767224,
        0.25724528814883674,
        0,
        0.0004511103336565142,
        -0.2572532388225418,
        0.9663439178754,
        0,
        0.005579299961028905,
        2.1490390792476006,
        -4.881504267473247e-8,
        1
      ],
      "name": "mixamorig1_RightHandPinky3",
      "children": [
        46
      ]
    },
    {
      "matrix": [
        0.9995697536856271,
        0.028137108499077145,
        0.008283154119289314,
        0,
        -0.027912795811510918,
        0.8257683794810932,
        0.5633182575411135,
        0,
        0.009010180177867696,
        -0.5633070979265934,
        0.8261984810435552,
        0,
        -0.00805796562257316,
        2.640450013001143,
        3.518569613447653e-8,
        1
      ],
      "name": "mixamorig1_RightHandPinky2",
      "children": [
        47
      ]
    },
    {
      "matrix": [
        0.9833005965303534,
        0.1299866373900863,
        -0.12737115436027813,
        0,
        -0.07033334504380778,
        0.9169339424206262,
        0.39279175883910555,
        0,
        0.16784861464426878,
        -0.3772739314304492,
        0.9107640875797705,
        0,
        -3.3203457449160547,
        11.194593407276628,
        -0.13796291544340278,
        1
      ],
      "name": "mixamorig1_RightHandPinky1",
      "children": [
        48
      ]
    },
    {
      "matrix": [
        0.9602384876536664,
        0.060423367713158274,
        -0.2725638704282007,
        0,
        -0.09716740808401382,
        0.9875902904272863,
        -0.12338522221068307,
        0,
        0.2617260813041664,
        0.14496356400125326,
        0.9541933889297385,
        0,
        4.0566319192691935e-8,
        23.401714489020932,
        -3.130539028006751e-8,
        1
      ],
      "name": "mixamorig1_RightHand",
      "children": [
        33,
        37,
        41,
        45,
        49
      ]
    },
    {
      "matrix": [
        0.9202672279275138,
        -0.2993813169233926,
        0.2519505036308149,
        0,
        0.3139558015548034,
        0.9492515770951185,
        -0.018793564124777132,
        0,
        -0.23353797094410084,
        0.0963964234795357,
        0.9675576187843637,
        0,
        9.430273451016546e-9,
        25.571062814695566,
        -9.2932907591603e-8,
        1
      ],
      "name": "mixamorig1_RightForeArm",
      "children": [
        50
      ]
    },
    {
      "matrix": [
        0.9365234635050843,
        -0.28711846000871327,
        0.20121330032248763,
        0,
        -0.013510986552063878,
        0.5439219744583789,
        0.8390270191976478,
        0,
        -0.3503444812564238,
        -0.7884870801880812,
        0.5055164377442578,
        0,
        2.0416428547775922e-8,
        13.005933117232537,
        -1.6256146295745566e-7,
        1
      ],
      "name": "mixamorig1_RightArm",
      "children": [
        51
      ]
    },
    {
      "matrix": [
        -0.10424733935527715,
        -0.0718803968683662,
        0.9919504527865248,
        0,
        -0.9350150850214852,
        -0.33282070935759495,
        -0.1223812330587224,
        0,
        0.33893846494549923,
        -0.940246554882682,
        -0.03251358195638862,
        0,
        -6.140154838562017,
        12.993736969446786,
        -0.17591274324467143,
        1
      ],
      "name": "mixamorig1_RightShoulder",
      "children": [
        52
      ]
    },
    {
      "matrix": [
        0.9998458419931594,
        -0.014616380563805589,
        -0.009729011676660584,
        0,
        0.014207185974033245,
        0.9990631787728809,
        -0.0408768967379422,
        0,
        0.010317369610992146,
        0.040732373358781396,
        0.9991168228214706,
        0,
        -1.9984014443252818e-15,
        13.051577503222958,
        3.506162160604731e-8,
        1
      ],
      "name": "mixamorig1_Spine2",
      "children": [
        5,
        29,
        53
      ]
    },
    {
      "matrix": [
        0.9998472105782504,
        -0.013728452053202679,
        -0.01082058700409318,
        0,
        0.013272991469919747,
        0.9990670467431798,
        -0.04109578821852822,
        0,
        0.011374673460353648,
        0.04094588765780514,
        0.9990966174938168,
        0,
        -1.7763568394002505e-15,
        11.420137322531431,
        -3.060254805120621e-8,
        1
      ],
      "name": "mixamorig1_Spine1",
      "children": [
        54
      ]
    },
    {
      "matrix": [
        0.999046496952514,
        0.04332891257020152,
        -0.0053574492432740504,
        0,
        -0.04272582223283238,
        0.9955403400903001,
        0.084106690384414,
        0,
        0.008977808275900844,
        -0.08379759297482887,
        0.9964423527581442,
        0,
        -2.220446049250313e-16,
        9.717269897461023,
        -1.1802451610565192,
        1
      ],
      "name": "mixamorig1_Spine",
      "children": [
        55
      ]
    },
    {
      "matrix": [
        0.9999999999999998,
        1.3877787807473865e-17,
        -3.469446953315985e-18,
        0,
        -1.387778780815505e-17,
        0.9999999999999999,
        -1.9633808467922628e-10,
        0,
        3.469446950591245e-18,
        1.9633808467922617e-10,
        0.9999999999999993,
        0,
        2.7475525854470106e-8,
        6.205877901587183,
        2.065769999504141e-9,
        1
      ],
      "name": "mixamorig1_LeftToe_End"
    },
    {
      "matrix": [
        0.9922108960780368,
        -0.006843808446492066,
        0.12438126864592286,
        0,
        -0.0736358858467156,
        0.7731397822582727,
        0.6299465321796773,
        0,
        -0.10047534035568587,
        -0.6341987380747282,
        0.7666137662505339,
        0,
        -2.0625883223601704e-9,
        16.18228188583444,
        7.965544224219911e-7,
        1
      ],
      "name": "mixamorig1_LeftToeBase",
      "children": [
        57
      ]
    },
    {
      "matrix": [
        0.9979236892362789,
        -0.052398013326403786,
        0.03745341987724143,
        0,
        -0.008806102135924558,
        0.4650468711687706,
        0.8852422607294073,
        0,
        -0.06380253150327644,
        -0.8837340413357297,
        0.46361986708745456,
        0,
        2.5073294906974297e-7,
        42.17374983678423,
        2.3825407202693327e-7,
        1
      ],
      "name": "mixamorig1_LeftFoot",
      "children": [
        58
      ]
    },
    {
      "matrix": [
        0.9981762742436842,
        -0.01763153059040145,
        -0.05773434563617818,
        0,
        -0.001938822492087715,
        0.9465386451709833,
        -0.3225846155123093,
        0,
        0.06033544981469949,
        0.3221082462882934,
        0.9447782338563573,
        0,
        7.220716469191757e-9,
        42.78982849888245,
        -1.1878187677893948e-7,
        1
      ],
      "name": "mixamorig1_LeftLeg",
      "children": [
        59
      ]
    },
    {
      "matrix": [
        -0.9709764883332943,
        -0.1539017000098101,
        0.1830817463267061,
        0,
        0.18511805024430494,
        -0.9682803472107666,
        0.1678227537586769,
        0,
        0.15144624979738813,
        0.1968436840223452,
        0.9686674338919515,
        0,
        8.078198432922367,
        -5.402374267578068,
        -0.5358688831329352,
        1
      ],
      "name": "mixamorig1_LeftUpLeg",
      "children": [
        60
      ]
    },
    {
      "matrix": [
        1.0000000000000004,
        8.326672684620711e-17,
        -1.0408340861297841e-17,
        0,
        -8.326672684756637e-17,
        1.0000000000000004,
        -1.305924084149534e-10,
        0,
        1.0408340850423847e-17,
        1.3059240841495353e-10,
        1.0000000000000013,
        0,
        1.8326039352700718e-8,
        6.180026101911253,
        6.156919418742746e-11,
        1
      ],
      "name": "mixamorig1_RightToe_End"
    },
    {
      "matrix": [
        0.9922398081647336,
        0.004861571277549874,
        -0.12424382567325479,
        0,
        0.07187704962712495,
        0.7929336888824627,
        0.605053596611203,
        0,
        0.10145862619862663,
        -0.6092885442546615,
        0.7864309359441056,
        0,
        7.089291464978942e-8,
        16.260478522148645,
        2.1778896108770596e-7,
        1
      ],
      "name": "mixamorig1_RightToeBase",
      "children": [
        62
      ]
    },
    {
      "matrix": [
        0.9992744577030476,
        -0.0016603130194729851,
        -0.03804998742387211,
        0,
        0.036054866761137866,
        0.36315171332069324,
        0.9310321582496953,
        0,
        0.012272113310919942,
        -0.9317285422658895,
        0.3629480937571659,
        0,
        -2.1988258325222887e-7,
        42.17967814762022,
        -6.041576128268389e-10,
        1
      ],
      "name": "mixamorig1_RightFoot",
      "children": [
        63
      ]
    },
    {
      "matrix": [
        0.9985294862993206,
        -0.022417505555600393,
        -0.04935909678551357,
        0,
        0.0024609331680948503,
        0.928300264518074,
        -0.3718232949986013,
        0,
        0.054155413383698114,
        0.37115505431064655,
        0.9269903542437213,
        0,
        6.232930260807734e-8,
        42.77590279271609,
        -7.691554060329509e-10,
        1
      ],
      "name": "mixamorig1_RightLeg",
      "children": [
        64
      ]
    },
    {
      "matrix": [
        -0.9841834065584453,
        0.043222550203035545,
        -0.17179881666926425,
        0,
        -0.06432761245063533,
        -0.9907787545618723,
        0.11924520026074935,
        0,
        -0.16506053596003573,
        0.12841055510654645,
        0.9778884132690259,
        0,
        -8.078198432922358,
        -5.402374267578139,
        -0.751769781112672,
        1
      ],
      "name": "mixamorig1_RightUpLeg",
      "children": [
        65
      ]
    },
    {
      "matrix": [
        0.9998159872120145,
        -0.016948106502261237,
        0.008986289626608626,
        0,
        0.017100783295057587,
        0.99970591395211,
        -0.017194441539970413,
        0,
        -0.008692233657740817,
        0.01734495013437605,
        0.9998117811762748,
        0,
        -0.0997309461236,
        98.35781860351562,
        0.6332762837409973,
        1
      ],
      "name": "mixamorig1_Hips",
      "children": [
        56,
        61,
        66
      ]
    },
    {
      "matrix": [
        1,
        0,
        0,
        0,
        0,
        1,
        0,
        0,
        0,
        0,
        1,
        0,
        1.5439692938085727,
        0,
        0,
        1
      ],
      "name": "MannequinStand_Test02",
      "children": [
        2,
        67
      ]
    },
    {
      "matrix": [
        2.220446049250313e-16,
        1,
        4.930380657631324e-32,
        0,
        -2.220446049250313e-16,
        4.930380657631324e-32,
        1,
        0,
        1,
        -2.220446049250313e-16,
        2.220446049250313e-16,
        0,
        -1.2178718138787161,
        -0.16345369634774443,
        1.308363204930898,
        1
      ],
      "name": "Point Light",
      "extensions": {
        "KHR_lights_punctual": {
          "light": 0
        }
      }
    },
    {
      "matrix": [
        2.220446049250313e-16,
        -2.220446049250313e-16,
        1,
        0,
        1,
        0,
        -2.220446049250313e-16,
        0,
        0,
        1,
        2.220446049250313e-16,
        0,
        56.318622655169946,
        182.25205384395642,
        60.71565643377441,
        1
      ],
      "name": "Sphere",
      "mesh": 1,
      "children": [
        69
      ]
    },
    {
      "matrix": [
        2.220446049250313e-16,
        -2.220446049250313e-16,
        1,
        0,
        1,
        0,
        -2.220446049250313e-16,
        0,
        0,
        1,
        2.220446049250313e-16,
        0,
        0,
        1,
        0,
        1
      ],
      "name": "Floor",
      "mesh": 2
    },
    {
      "matrix": [
        0.927485780939933,
        -2.7755575615628914e-17,
        0.37385843063149293,
        0,
        0.14741925932784164,
        0.9189738826690347,
        -0.3657247119780532,
        0,
        -0.343566133565975,
        0.3943184030351606,
        0.852335209230692,
        0,
        -171.59922781592925,
        298.475115023032,
        426.72198660627197,
        1
      ],
      "camera": 1
    },
    {
      "matrix": [
        1,
        0,
        0,
        0,
        0,
        1,
        0,
        0,
        0,
        0,
        1,
        0,
        0,
        1,
        0,
        1
      ],
      "name": "Default Ambient Light"
    },
    {
      "name": "Scene 1",
      "children": [
        1,
        68,
        70,
        71,
        72,
        73
      ]
    }
  ],
  "cameras": [
    {
      "type": "perspective",
      "perspective": {
        "aspectRatio": 2.070080862533693,
        "yfov": 0.7853981633974483,
        "zfar": 100000,
        "znear": 70
      },
      "name": "Camera"
    },
    {
      "type": "perspective",
      "perspective": {
        "aspectRatio": 2.070080862533693,
        "yfov": 0.7853981633974483,
        "zfar": 100000,
        "znear": 70
      }
    }
  ],
  "bufferViews": [
    {
      "buffer": 0,
      "byteOffset": 0,
      "byteLength": 1039680,
      "target": 34962,
      "byteStride": 12
    },
    {
      "buffer": 0,
      "byteOffset": 1039680,
      "byteLength": 1039680,
      "target": 34962,
      "byteStride": 12
    },
    {
      "buffer": 0,
      "byteOffset": 2079360,
      "byteLength": 693120,
      "target": 34962,
      "byteStride": 8
    },
    {
      "buffer": 0,
      "byteOffset": 2772480,
      "byteLength": 50700,
      "target": 34962,
      "byteStride": 12
    },
    {
      "buffer": 0,
      "byteOffset": 2823180,
      "byteLength": 50700,
      "target": 34962,
      "byteStride": 12
    },
    {
      "buffer": 0,
      "byteOffset": 2873880,
      "byteLength": 33800,
      "target": 34962,
      "byteStride": 8
    },
    {
      "buffer": 0,
      "byteOffset": 2907680,
      "byteLength": 48384,
      "target": 34963
    },
    {
      "buffer": 0,
      "byteOffset": 2956064,
      "byteLength": 48,
      "target": 34962,
      "byteStride": 12
    },
    {
      "buffer": 0,
      "byteOffset": 2956112,
      "byteLength": 48,
      "target": 34962,
      "byteStride": 12
    },
    {
      "buffer": 0,
      "byteOffset": 2956160,
      "byteLength": 32,
      "target": 34962,
      "byteStride": 8
    },
    {
      "buffer": 0,
      "byteOffset": 2956192,
      "byteLength": 24,
      "target": 34963
    }
  ],
  "buffers": [
    {
      "byteLength": 2956216,
